1,0
2,0
3,0
4,1
5,0
6,1
7,2
8,0
9,1
10,1
11,1
12,2
13,1
14,0
15,1
16,1
17,1
18,1
19,1
20,1
21,2
22,1
23,0
24,1
25,1
26,0
27,1
28,2
29,0
30,1
31,1
32,1
33,0
34,1
35,0
36,2
37,1
38,1
39,1
40,1
41,1
42,1
43,1
44,1
45,1
46,2
47,0
48,0
49,1
50,1
51,0
52,1
53,1
54,2
55,1
56,0
57,0
58,0
59,2
60,1
61,1
62,1
63,0
64,1
65,0
66,2
67,0
68,0
69,1
70,0
71,0
72,1
73,0
74,1
75,1
76,1
77,1
78,1
79,1
80,1
81,0
82,1
83,0
84,1
85,1
86,0
87,0
88,1
89,1
90,1
91,1
92,1
93,1
94,1
95,0
96,0
97,0
98,1
99,1
100,1
101,0
102,0
103,1
104,0
105,1
106,0
107,1
108,1
109,1
110,0
111,1
112,0
113,2
114,0
115,0
116,0
117,1
118,1
119,2
120,1
121,0
122,1
123,1
124,1
125,0
126,1
127,1
128,1
129,1
130,1
131,0
132,0
133,1
134,0
135,0
136,0
137,1
138,1
139,0
140,0
141,1
142,0
143,1
144,0
145,1
146,1
147,1
148,0
149,1
150,1
151,1
152,2
153,0
154,0
155,1
156,1
157,1
158,0
159,0
160,2
161,1
162,2
163,0
164,1
165,1
166,1
167,0
168,2
169,0
170,0
171,1
172,0
173,0
174,1
175,0
176,0
177,0
178,0
179,2
180,1
181,0
182,0
183,1
184,0
185,1
186,2
187,0
188,1
189,1
190,0
191,2
192,0
193,0
194,1
195,1
196,1
197,2
198,0
199,1
200,0
201,1
202,1
203,1
204,1
205,1
206,0
207,1
208,1
209,0
210,1
211,1
212,0
213,0
214,1
215,1
216,1
217,0
218,1
219,2
220,1
221,0
222,0
223,0
224,1
225,2
226,1
227,0
228,1
229,1
230,0
231,1
232,2
233,1
234,1
235,0
236,1
237,0
238,0
239,2
240,1
241,0
242,1
243,1
244,1
245,0
246,0
247,1
248,1
249,0
250,0
251,1
252,0
253,0
254,1
255,1
256,0
257,0
258,0
259,0
260,1
261,0
262,0
263,1
264,1
265,1
266,0
267,0
268,0
269,1
270,1
271,0
272,0
273,0
274,1
275,1
276,0
277,0
278,1
279,2
280,0
281,0
282,0
283,0
284,0
285,0
286,1
287,1
288,1
289,1
290,1
291,0
292,1
293,1
294,0
295,1
296,1
297,1
298,0
299,0
300,1
301,1
302,0
303,0
304,1
305,2
306,2
307,0
308,1
309,1
310,2
311,1
312,1
313,1
314,2
315,0
316,0
317,0
318,0
319,0
320,0
321,2
322,2
323,2
324,1
325,0
326,1
327,2
328,1
329,0
330,1
331,1
332,1
333,0
334,0
335,0
336,0
337,2
338,0
339,0
340,1
341,0
342,1
343,1
344,0
345,1
346,1
347,1
348,1
349,1
350,2
351,2
352,0
353,1
354,1
355,1
356,0
357,0
358,1
359,1
360,0
361,1
362,1
363,0
364,1
365,0
366,1
367,1
368,1
369,1
370,1
371,0
372,1
373,1
374,1
375,0
376,1
377,1
378,2
379,2
380,0
381,1
382,0
383,0
384,1
385,0
386,0
387,1
388,1
389,0
390,2
391,1
392,0
393,1
394,1
395,1
396,1
397,1
398,1
399,1
400,0
401,0
402,1
403,1
404,0
405,1
406,1
407,1
408,0
409,0
410,2
411,1
412,1
413,0
414,1
415,0
416,0
417,1
418,0
419,1
420,1
421,0
422,0
423,1
424,2
425,1
426,1
427,0
428,1
429,0
430,0
431,1
432,1
433,1
434,0
435,1
436,0
437,1
438,1
439,1
440,1
441,2
442,1
443,1
444,0
445,0
446,1
447,0
448,0
449,1
450,1
451,1
452,0
453,0
454,0
455,0
456,0
457,1
458,0
459,1
460,1
461,0
462,1
463,1
464,0
465,1
466,0
467,1
468,1
469,0
470,0
471,0
472,0
473,1
474,2
475,0
476,1
477,0
478,2
479,2
480,1
481,2
482,2
483,1
484,1
485,1
486,1
487,1
488,0
489,1
490,1
491,1
492,1
493,0
494,1
495,1
496,1
497,2
498,0
499,1
500,1
501,1
502,0
503,1
504,0
505,1
506,1
507,0
508,0
509,1
510,1
511,1
512,0
513,1
514,1
515,1
516,2
517,1
518,0
519,0
520,0
521,1
522,1
523,1
524,0
525,2
526,0
527,1
528,2
529,1
530,0
531,0
532,1
533,1
534,1
535,0
536,1
537,0
538,1
539,1
540,0
541,2
542,0
543,0
544,1
545,0
546,0
547,0
548,1
549,1
550,0
551,1
552,1
553,0
554,1
555,0
556,1
557,1
558,1
559,0
560,0
561,1
562,1
563,1
564,0
565,0
566,1
567,2
568,0
569,2
570,1
571,1
572,1
573,0
574,1
575,1
576,1
577,1
578,1
579,1
580,1
581,0
582,0
583,1
584,2
585,1
586,2
587,1
588,1
589,1
590,1
591,0
592,2
593,1
594,1
595,1
596,2
597,1
598,0
599,0
600,1
601,0
602,1
603,0
604,1
605,0
606,0
607,1
608,0
609,2
610,1
611,2
612,1
613,0
614,1
615,1
616,1
617,0
618,1
619,2
620,2
621,1
622,0
623,1
624,1
625,1
626,1
627,1
628,1
629,1
630,1
631,1
632,0
633,1
634,1
635,1
636,0
637,1
638,1
639,1
640,0
641,0
642,0
643,2
644,1
645,2
646,1
647,1
648,1
649,1
650,1
651,0
652,1
653,0
654,1
655,2
656,1
657,1
658,1
659,1
660,1
661,0
662,2
663,1
664,1
665,2
666,0
667,1
668,0
669,1
670,1
671,0
672,1
673,1
674,0
675,1
676,1
677,1
678,1
679,2
680,1
681,1
682,1
683,0
684,0
685,0
686,0
687,0
688,1
689,2
690,0
691,1
692,2
693,2
694,1
695,1
696,0
697,1
698,1
699,1
700,0
701,2
702,1
703,2
704,1
705,0
706,1
707,2
708,0
709,0
710,1
711,1
712,1
713,0
714,1
715,1
716,1
717,1
718,1
719,2
720,1
721,0
722,1
723,1
724,1
725,2
726,1
727,0
728,0
729,1
730,1
731,0
732,0
733,0
734,1
735,1
736,1
737,1
738,0
739,0
740,0
741,1
742,1
743,0
744,0
745,0
746,2
747,0
748,0
749,0
750,1
751,1
752,1
753,0
754,0
755,1
756,0
757,0
758,1
759,0
760,0
761,1
762,1
763,0
764,2
765,0
766,0
767,0
768,1
769,0
770,2
771,1
772,1
773,1
774,1
775,2
776,1
777,0
778,1
779,1
780,1
781,0
782,0
783,0
784,1
785,1
786,1
787,1
788,0
789,1
790,0
791,1
792,1
793,0
794,0
795,0
796,1
797,1
798,1
799,2
800,0
801,0
802,1
803,0
804,2
805,1
806,0
807,1
808,0
809,1
810,1
811,0
812,1
813,1
814,1
815,1
816,0
817,1
818,0
819,1
820,0
821,0
822,1
823,0
824,1
825,0
826,2
827,1
828,0
829,0
830,1
831,1
832,1
833,0
834,1
835,1
836,1
837,1
838,1
839,1
840,1
841,1
842,1
843,0
844,1
845,1
846,1
847,0
848,1
849,0
850,0
851,1
852,0
853,1
854,1
855,1
856,1
857,1
858,0
859,1
860,0
861,0
862,1
863,1
864,1
865,0
866,1
867,0
868,1
869,1
870,0
871,1
872,0
873,1
874,1
875,1
876,2
877,1
878,2
879,1
880,1
881,1
882,0
883,0
884,1
885,1
886,2
887,1
888,1
889,0
890,1
891,1
892,0
893,1
894,1
895,1
896,1
897,1
898,1
899,2
900,1
901,1
902,1
903,0
904,0
905,1
906,1
907,0
908,0
909,1
910,0
911,1
912,1
913,1
914,1
915,0
916,1
917,1
918,1
919,0
920,0
921,0
922,1
923,1
924,0
925,0
926,0
927,0
928,0
929,0
930,0
931,0
932,1
933,2
934,0
935,0
936,1
937,0
938,0
939,0
940,0
941,1
942,0
943,1
944,1
945,1
946,1
947,1
948,0
949,0
950,0
951,1
952,1
953,1
954,1
955,1
956,1
957,1
958,1
959,0
960,1
961,1
962,0
963,1
964,0
965,0
966,0
967,1
968,1
969,1
970,1
971,1
972,0
973,1
974,0
975,1
976,1
977,1
978,0
979,1
980,1
981,0
982,2
983,1
984,0
985,1
986,1
987,1
988,2
989,0
990,0
991,2
992,1
993,0
994,0
995,2
996,1
997,1
998,0
999,1
1000,0
1001,1
1002,1
1003,0
1004,1
1005,0
1006,1
1007,1
1008,1
1009,0
1010,1
1011,1
1012,1
1013,1
1014,1
1015,1
1016,0
1017,0
1018,0
1019,1
1020,0
1021,0
1022,0
1023,1
1024,0
1025,0
1026,1
1027,1
1028,0
1029,1
1030,1
1031,1
1032,0
1033,2
1034,0
1035,1
1036,1
1037,2
1038,0
1039,1
1040,1
1041,1
1042,0
1043,0
1044,0
1045,0
1046,1
1047,2
1048,1
1049,1
1050,1
1051,0
1052,0
1053,1
1054,1
1055,0
1056,0
1057,0
1058,0
1059,2
1060,0
1061,0
1062,1
1063,1
1064,1
1065,1
1066,2
1067,0
1068,1
1069,1
1070,1
1071,1
1072,1
1073,1
1074,1
1075,0
1076,0
1077,1
1078,1
1079,1
1080,1
1081,1
1082,1
1083,0
1084,1
1085,0
1086,1
1087,1
1088,0
1089,1
1090,0
1091,1
1092,1
1093,1
1094,1
1095,1
1096,0
1097,1
1098,1
1099,1
1100,1
1101,1
1102,1
1103,1
1104,1
1105,1
1106,2
1107,0
1108,0
1109,0
1110,0
1111,0
1112,0
1113,1
1114,1
1115,1
1116,2
1117,0
1118,1
1119,1
1120,1
1121,1
1122,0
1123,1
1124,1
1125,1
1126,1
1127,0
1128,0
1129,0
1130,1
1131,1
1132,1
1133,1
1134,0
1135,1
1136,1
1137,1
1138,1
1139,0
1140,1
1141,1
1142,0
1143,2
1144,1
1145,1
1146,1
1147,0
1148,0
1149,1
1150,1
1151,1
1152,1
1153,0
1154,1
1155,0
1156,0
1157,0
1158,0
1159,0
1160,0
1161,1
1162,0
1163,1
1164,1
1165,0
1166,0
1167,0
1168,0
1169,0
1170,2
1171,1
1172,1
1173,1
1174,0
1175,0
1176,0
1177,1
1178,1
1179,1
1180,1
1181,0
1182,2
1183,2
1184,1
1185,0
1186,1
1187,1
1188,0
1189,0
1190,0
1191,1
1192,0
1193,1
1194,1
1195,1
1196,0
1197,0
1198,1
1199,0
1200,1
1201,1
1202,0
1203,1
1204,0
1205,1
1206,0
1207,1
1208,0
1209,1
1210,0
1211,0
1212,1
1213,1
1214,1
1215,1
1216,1
1217,1
1218,0
1219,1
1220,1
1221,1
1222,1
1223,1
1224,1
1225,0
1226,1
1227,0
1228,1
1229,2
1230,1
1231,0
1232,1
1233,1
1234,1
1235,1
1236,1
1237,0
1238,0
1239,1
1240,0
1241,0
1242,0
1243,1
1244,2
1245,0
1246,0
1247,0
1248,1
1249,1
1250,1
1251,0
1252,1
1253,1
1254,2
1255,1
1256,1
1257,2
1258,1
1259,0
1260,1
1261,0
1262,1
1263,1
1264,0
1265,0
1266,0
1267,1
1268,2
1269,2
1270,1
1271,0
1272,0
1273,1
1274,0
1275,1
1276,1
1277,1
1278,0
1279,0
1280,1
1281,0
1282,0
1283,1
1284,1
1285,1
1286,1
1287,1
1288,0
1289,0
1290,0
1291,0
1292,1
1293,1
1294,1
1295,1
1296,1
1297,1
1298,1
1299,1
1300,1
1301,0
1302,0
1303,0
1304,0
1305,1
1306,2
1307,0
1308,1
1309,1
1310,0
1311,2
1312,0
1313,2
1314,2
1315,1
1316,0
1317,2
1318,0
1319,0
1320,1
1321,1
1322,1
1323,0
1324,1
1325,1
1326,1
1327,1
1328,1
1329,0
1330,0
1331,0
1332,1
1333,1
1334,1
1335,1
1336,1
1337,1
1338,1
1339,0
1340,1
1341,1
1342,1
1343,0
1344,0
1345,1
1346,1
1347,0
1348,0
1349,0
1350,1
1351,0
1352,1
1353,1
1354,2
1355,0
1356,1
1357,1
1358,1
1359,0
1360,2
1361,0
1362,0
1363,1
1364,1
1365,1
1366,0
1367,0
1368,1
1369,1
1370,0
1371,1
1372,1
1373,0
1374,2
1375,0
1376,0
1377,1
1378,1
1379,1
1380,1
1381,1
1382,0
1383,1
1384,1
1385,1
1386,1
1387,0
1388,1
1389,2
1390,1
1391,0
1392,1
1393,1
1394,1
1395,0
1396,0
1397,1
1398,1
1399,1
1400,1
1401,1
1402,0
1403,0
1404,0
1405,1
1406,0
1407,1
1408,1
1409,1
1410,0
1411,0
1412,1
1413,1
1414,0
1415,0
1416,0
1417,1
1418,2
1419,1
1420,0
1421,0
1422,1
1423,1
1424,0
1425,1
1426,1
1427,0
1428,1
1429,1
1430,0
1431,0
1432,1
1433,1
1434,0
1435,1
1436,0
1437,1
1438,2
1439,1
1440,0
1441,0
1442,1
1443,2
1444,1
1445,0
1446,1
1447,1
1448,0
1449,1
1450,1
1451,1
1452,0
1453,1
1454,1
1455,0
1456,0
1457,0
1458,0
1459,1
1460,1
